
              0                                                                                                                                                                                                                                                                          
              0                                                                                                                                                                                                                                                                                      0
              0                                                                                                                                                                                                                                                                                      0              
              0                                                                                                                                                                                                                                                                                      0  
              0                                                                                                                                                                                                                                                                                      0         
              0                                                                              i         0000                               0                                  i         0000                          0                                                                  0000         0
              0                    00                              0000         i           0000                                    000   00                    i           0000                               000   00                              0000        i           0000                    0
              0                   000                       00000         000000000000                                                   0000               00000000000                                             0000                       00000         000000000000                            0  
              0 2 1              000000    000   i      i  0000000000                               0000               i                0000000  i   000                              0000                         000000    000         i   000000000                               0000     i      0
000000000000000000000000000p00000000000000000000000000p000000000000000000000000p0000000000000000000000p0000000000000000000000000000000p000000000000000000000000p0000000000000000000p0000000000000000000000000p00000000000000000000000000000000000000p000000000000000000000000000000000000000000000000000000000000000
 
 
 -------------------------------------------------------------------------------------------------------------------------------------------------------------------------------------------------------------------------------------------------------------------------------------------------------------------------------------   