
              0                                                                                                                                                                                                                                                                          
              0                                                                                                                                                                                                                                                                          
              0                                                                                                                                                                                                                                                                          
              0                                                                                                                                                                                                                                                                                      0
              0                                                                                                                                                                                                                                                                                      0              
              0                                                                                                                                                                                                                                                                                      0  
              0                                                                                           r                                                                                 r                                                                                                   r    0         
              0                                                      r                                 0000                          r     0                                           0000                          0                                                       r           0000        0
              0                    00                              0000         p           0000                                    000   00                    p           0000                               000   00                              0000        p           0000                    0
              0                   000                       00000         000000000000                                                   0000               00000000000                                             0000                       00000         000000000000                            0  
              0 2 1              000000    000   p      p  0000000000                       r        0000                               0000000     000                  r            0000                         000000    000    r        000000000                r               0000     p     0
000000000000000000000000000t00000000000000000000000000t000000000000000000000000t0000000000000000000000t0000000000000000000000000000000t000000000000000000000000t0000000000000000000t0000000000000000000000000t00000000000000000000000000000000000000t000000000000000000000000000000000000000000000000000000000000000
 -                                                                                                                                                                                                                                                                                                               -
 -                                                                                                                                                                                                                                                                                                               -
 -------------------------------------------------------------------------------------------------------------------------------------------------------------------------------------------------------------------------------------------------------------------------------------------------------------------------------------   